	A	C	G	T	fivemer.total	fivemer.every
AAAAA	NA	0.146634972515228	0.770093596790967	0.083271430693805	13462	TRUE
AAAAC	NA	0.183829787234043	0.677292069632495	0.138878143133462	12925	TRUE
AAAAG	NA	0.173151945583675	0.768230469140742	0.058617585275583	9997	TRUE
AAAAT	NA	0.164066852367688	0.697493036211699	0.138440111420613	3590	TRUE
AAACA	NA	0.165780814983548	0.779929131865351	0.054290053151101	7902	TRUE
AAACC	NA	0.172571853320119	0.707259663032706	0.120168483647175	8072	TRUE
AAACG	NA	0.237569060773481	0.629834254143646	0.132596685082873	181	TRUE
AAACT	NA	0.334744931968788	0.437321099478493	0.227933968552719	25503	TRUE
AAAGA	NA	0.080074875207987	0.864080698835274	0.055844425956739	9616	TRUE
AAAGC	NA	0.14762788232176	0.719586535913067	0.132785581765174	11319	TRUE
AAAGG	NA	0.115182120984205	0.790695175674224	0.094122703341571	9307	TRUE
AAAGT	NA	0.067321178120617	0.893875642823749	0.038803179055634	2139	TRUE
AAATA	NA	0.165835072121927	0.689830354712873	0.1443345731652	22046	TRUE
AAATC	NA	0.069625454972408	0.854995890571798	0.075378654455794	8517	TRUE
AAATG	NA	0.316531212173612	0.327684592771918	0.35578419505447	23132	TRUE
AAATT	NA	0.176767676767677	0.689033189033189	0.134199134199134	1386	TRUE
AACAA	0.138516080020258	NA	0.33831349708787	0.523170422891871	3949	TRUE
AACAC	0.18343636283923	NA	0.183151387610154	0.633412249550616	45618	TRUE
AACAG	0.134572013462406	NA	0.194146629193991	0.671281357343604	57642	TRUE
AACAT	0.096790246329933	NA	0.160612092560338	0.742597661109729	8038	TRUE
AACCA	0.063321103089123	NA	0.243271393064268	0.693407503846609	42245	TRUE
AACCC	0.095807972175187	NA	0.138437600109835	0.765754427714979	43702	TRUE
AACCG	0.068354912414318	NA	0.318164508758568	0.613480578827113	10504	TRUE
AACCT	0.247165532879819	NA	0.247165532879819	0.505668934240363	882	TRUE
AACGA	0.172727272727273	NA	0.33030303030303	0.496969696969697	330	TRUE
AACGC	0.075781139544748	NA	0.306729817616287	0.617489042838965	14146	TRUE
AACGG	0.164556962025316	NA	0.126582278481013	0.708860759493671	474	TRUE
AACGT	0.27617148554337	NA	0.202392821535394	0.521435692921236	1003	TRUE
AACTA	0.15671952933183	NA	0.395111104248058	0.448169366420112	64759	TRUE
AACTC	0.082757849414265	NA	0.301199429641849	0.616042720943887	35767	TRUE
AACTG	0.090398570542975	NA	0.239251723006236	0.67034970645079	27423	TRUE
AACTT	0.161247511612475	NA	0.32249502322495	0.516257465162575	1507	TRUE
AAGAA	0.404084442404773	0.501170261587884	NA	0.094745296007343	43580	TRUE
AAGAC	0.63353115727003	0.274480712166172	NA	0.091988130563798	674	TRUE
AAGAG	0.39668556476232	0.513911905800262	NA	0.089402529437418	11465	TRUE
AAGAT	0.599333202588743	0.271818003530104	NA	0.128848793881153	5099	TRUE
AAGCA	0.443941641938675	0.439688427299703	NA	0.116369930761622	40440	TRUE
AAGCC	0.462980030721966	0.434485407066052	NA	0.102534562211982	13020	TRUE
AAGCG	0.616267942583732	0.282296650717703	NA	0.101435406698565	3135	TRUE
AAGCT	0.456297889240844	0.41500295448161	NA	0.128699156277547	103233	TRUE
AAGGA	0.700572583361401	0.21017177500842	NA	0.089255641630179	2969	TRUE
AAGGC	0.618324607329843	0.231413612565445	NA	0.150261780104712	3820	TRUE
AAGGG	0.573073185318083	0.334006129924497	NA	0.092920684757419	13377	TRUE
AAGGT	0.731535362578335	0.202719337511191	NA	0.065745299910475	17872	TRUE
AAGTA	0.505484355155294	0.366778278104915	NA	0.127737366739791	25983	TRUE
AAGTC	0.263259775454897	0.578397212543554	NA	0.158343012001549	2583	TRUE
AAGTG	0.452056717675137	0.447845009125369	NA	0.100098273199495	7123	TRUE
AAGTT	0.500912895705177	0.366085222325216	NA	0.133001881969608	35601	TRUE
AATAA	0.38763555214617	0.277833955158827	0.334530492695003	NA	28679	TRUE
AATAC	0.430308860411585	0.338063008898203	0.231628130690212	NA	29107	TRUE
AATAG	0.229876941698608	0.566774258624168	0.203348799677224	NA	9914	TRUE
AATAT	0.3185	0.505	0.1765	NA	2000	TRUE
AATCA	0.261285909712722	0.50843593251254	0.230278157774738	NA	4386	TRUE
AATCC	0.261645193260654	0.315906838453915	0.422447968285431	NA	4036	TRUE
AATCG	0.202898550724638	0.550724637681159	0.246376811594203	NA	207	TRUE
AATCT	0.22390438247012	0.50996015936255	0.266135458167331	NA	1255	TRUE
AATGA	0.192614770459082	0.634730538922156	0.172654690618762	NA	3006	TRUE
AATGC	0.149730402322688	0.749066777270842	0.10120282040647	NA	2411	TRUE
AATGG	0.187690897984117	0.629505192425168	0.182803909590715	NA	6548	TRUE
AATGT	0.22554347826087	0.546195652173913	0.228260869565217	NA	368	TRUE
AATTA	0.325785582255083	0.390018484288355	0.284195933456562	NA	2164	TRUE
AATTC	0.10698060142785	0.798550515612605	0.094468882959544	NA	27734	TRUE
AATTG	0.116104868913858	0.75749063670412	0.126404494382022	NA	1068	TRUE
AATTT	0.292906178489703	0.535469107551487	0.17162471395881	NA	437	TRUE
ACAAA	NA	0.342463867859601	0.441569167240193	0.215966964900206	7265	TRUE
ACAAC	NA	0.369150358575422	0.515923179773915	0.114926461650662	16454	TRUE
ACAAG	NA	0.280161385554025	0.506691596142492	0.213147018303484	10162	TRUE
ACAAT	NA	0.170675508598404	0.688883893447229	0.140440597954367	17794	TRUE
ACACA	NA	0.169239207082974	0.510694977669827	0.320065815247199	12763	TRUE
ACACC	NA	0.34106371650003	0.384251316334379	0.274684967165592	16903	TRUE
ACACG	NA	0.108165967777533	0.445398366806445	0.446435665416023	45310	TRUE
ACACT	NA	0.52851711026616	0.228770595690748	0.242712294043093	3156	TRUE
ACAGA	NA	0.405223291045123	0.434127979924718	0.160648729030159	21519	TRUE
ACAGC	NA	0.191261607801997	0.598340909973967	0.210397482224035	51474	TRUE
ACAGG	NA	0.265161816698395	0.437041066086484	0.297797117215121	7354	TRUE
ACAGT	NA	0.25259476534296	0.623759025270758	0.123646209386282	17728	TRUE
ACATA	NA	0.295603486670484	0.396258828020615	0.308137685308901	15717	TRUE
ACATC	NA	0.271647424511545	0.493117229129663	0.235235346358792	9008	TRUE
ACATG	NA	0.30748558965571	0.270992366412214	0.421522043932077	25676	TRUE
ACATT	NA	0.326845391112743	0.464561145795079	0.208593463092178	2723	TRUE
ACCAA	0.199823165340407	NA	0.340210236761961	0.459966597897632	10179	TRUE
ACCAC	0.184123799971343	NA	0.205903424559392	0.609972775469265	6979	TRUE
ACCAG	0.18128908650544	NA	0.350142790008314	0.468568123486245	27663	TRUE
ACCAT	0.205332024860975	NA	0.230127576054956	0.564540399084069	30570	TRUE
ACCCA	0.137354434159451	NA	0.531203344281875	0.331442221558674	3349	TRUE
ACCCC	0.169983416252073	NA	0.243366500829187	0.58665008291874	4824	TRUE
ACCCG	0.146030953569646	NA	0.281328007988018	0.572641038442336	8012	TRUE
ACCCT	0.249001909390731	NA	0.287016143030724	0.463981947578545	11522	TRUE
ACCGA	0.108407871198569	NA	0.343470483005367	0.548121645796064	2795	TRUE
ACCGC	0.136861140192253	NA	0.262967545445893	0.600171314361854	10507	TRUE
ACCGG	0.185015290519878	NA	0.242099898063201	0.572884811416921	1962	TRUE
ACCGT	0.148968678380443	NA	0.157372039724981	0.693659281894576	1309	TRUE
ACCTA	0.183139534883721	NA	0.345058139534884	0.471802325581395	10320	TRUE
ACCTC	0.111071042192571	NA	0.411287414352687	0.477641543454742	5546	TRUE
ACCTG	0.127950061755182	NA	0.312280936008279	0.559769002236539	29957	TRUE
ACCTT	0.163031624863686	NA	0.302908033442385	0.534060341693929	82530	TRUE
ACGAA	0.608046453753629	0.328079635006222	NA	0.063873911240149	2411	TRUE
ACGAC	0.387673956262425	0.443339960238569	NA	0.168986083499006	503	TRUE
ACGAG	0.434055841293167	0.413299044819985	NA	0.152645113886848	5444	TRUE
ACGAT	0.400440178516843	0.45631839579385	NA	0.143241425689307	16357	TRUE
ACGCA	0.554495970294105	0.183889615595595	NA	0.2616144141103	23699	TRUE
ACGCC	0.606411245392989	0.153424187880346	NA	0.240164566726665	11667	TRUE
ACGCG	0.6575	0.17875	NA	0.16375	800	TRUE
ACGCT	0.567397027339869	0.267396002991098	NA	0.165206969669033	97623	TRUE
ACGGA	0.683641975308642	0.16820987654321	NA	0.148148148148148	648	TRUE
ACGGC	0.483629560336763	0.361850497491283	NA	0.154519942171953	11759	TRUE
ACGGG	0.282051282051282	0.455128205128205	NA	0.262820512820513	312	TRUE
ACGGT	0.659530386740331	0.240331491712707	NA	0.100138121546961	2896	TRUE
ACGTA	0.551244875512449	0.269173082691731	NA	0.17958204179582	10001	TRUE
ACGTC	0.427601622650882	0.426773739547976	NA	0.145624637801142	12079	TRUE
ACGTG	0.444444444444444	0.313492063492063	NA	0.242063492063492	252	TRUE
ACGTT	0.507936507936508	0.34453781512605	NA	0.147525676937442	1071	TRUE
ACTAA	0.361111111111111	0.406746031746032	0.232142857142857	NA	504	TRUE
ACTAC	0.227821653120687	0.624693298573838	0.147485048305475	NA	52168	TRUE
ACTAG	0.273732410096046	0.534844762117489	0.191422827786464	NA	8954	TRUE
ACTAT	0.237685318029651	0.626357860217258	0.135956821753091	NA	14637	TRUE
ACTCA	0.419035314384152	0.231266149870801	0.349698535745047	NA	6966	TRUE
ACTCC	0.181516325401217	0.445028592510607	0.373455082088176	NA	10842	TRUE
ACTCG	0.108870967741935	0.584677419354839	0.306451612903226	NA	248	TRUE
ACTCT	0.091189631229749	0.548526461965746	0.360283906804506	NA	6481	TRUE
ACTGA	0.324435318275154	0.437782340862423	0.237782340862423	NA	2435	TRUE
ACTGC	0.233352803738318	0.281834112149533	0.48481308411215	NA	3424	TRUE
ACTGG	0.148099415204678	0.359868421052632	0.49203216374269	NA	13680	TRUE
ACTGT	0.321937783538561	0.467757615035645	0.210304601425794	NA	6172	TRUE
ACTTA	0.200303490136571	0.620637329286798	0.179059180576631	NA	659	TRUE
ACTTC	0.13591595535128	0.720945502298096	0.143138542350624	NA	1523	TRUE
ACTTG	0.1278600269179	0.629878869448183	0.242261103633917	NA	743	TRUE
ACTTT	0.155401137081491	0.694040850705412	0.150558012213098	NA	4749	TRUE
AGAAA	NA	0.341384515850766	0.615268492559845	0.04334699158939	4637	TRUE
AGAAC	NA	0.155580307418133	0.767075072399198	0.077344620182669	22445	TRUE
AGAAG	NA	0.358232931726908	0.617717930545712	0.02404913772738	21165	TRUE
AGAAT	NA	0.336683417085427	0.411342426417803	0.25197415649677	1393	TRUE
AGACA	NA	0.304873190811313	0.488115788075953	0.207011021112734	7531	TRUE
AGACC	NA	0.293989862418537	0.52172338884866	0.184286748732802	2762	TRUE
AGACG	NA	0.293333333333333	0.513333333333333	0.193333333333333	600	TRUE
AGACT	NA	0.429612317844377	0.461964989460178	0.108422692695445	21822	TRUE
AGAGA	NA	0.126228001978938	0.795815958724998	0.077956039296063	28298	TRUE
AGAGC	NA	0.364204252392687	0.519571322138805	0.116224425468508	17449	TRUE
AGAGG	NA	0.206670637284098	0.622989874925551	0.170339487790351	5037	TRUE
AGAGT	NA	0.097838171710933	0.876714021000618	0.02544780728845	16190	TRUE
AGATA	NA	0.233829124870287	0.580767900380491	0.185402974749222	2891	TRUE
AGATC	NA	0.301091123562371	0.48864641698614	0.210262459451489	13564	TRUE
AGATG	NA	0.246097483274928	0.612615482637783	0.141287034087289	6278	TRUE
AGATT	NA	0.110819327731092	0.795693277310924	0.093487394957983	1904	TRUE
AGCAA	0.139896667234429	NA	0.391415431783342	0.468687900982229	35226	TRUE
AGCAC	0.175593576831291	NA	0.213752376329733	0.610654046838976	123615	TRUE
AGCAG	0.162994127226965	NA	0.211752948724276	0.625252924048759	81052	TRUE
AGCAT	0.144886216370328	NA	0.189362915349127	0.665750868280545	19291	TRUE
AGCCA	0.038507821901324	NA	0.811672683513839	0.149819494584838	8310	TRUE
AGCCC	0.118645912702732	NA	0.16178658248975	0.719567504807518	55122	TRUE
AGCCG	0.107167004732928	NA	0.171918767507003	0.72091422776007	82824	TRUE
AGCCT	0.081623676755629	NA	0.215513642463098	0.702862680781273	134140	TRUE
AGCGA	0.157039711191336	NA	0.353790613718412	0.489169675090253	554	TRUE
AGCGC	0.148063346689563	NA	0.268841824079374	0.583094829231063	5241	TRUE
AGCGG	0.124020442930153	NA	0.158262350936968	0.717717206132879	5870	TRUE
AGCGT	0.028944150020383	NA	0.36322869955157	0.607827150428047	2453	TRUE
AGCTA	0.112079370564579	NA	0.278928837938409	0.608991791497013	199671	TRUE
AGCTC	0.047706150556146	NA	0.3595513173999	0.592742532043954	74351	TRUE
AGCTG	0.076271682974492	NA	0.195583617959172	0.728144699066335	290147	TRUE
AGCTT	0.121490803484995	NA	0.338281165967516	0.540228030547488	18594	TRUE
AGGAA	0.513618677042802	0.340077821011673	NA	0.146303501945525	2570	TRUE
AGGAC	0.508324477506199	0.319164009918526	NA	0.172511512575275	2823	TRUE
AGGAG	0.211605171870073	0.704824976348155	NA	0.083569851781772	3171	TRUE
AGGAT	0.66491043203372	0.219178082191781	NA	0.115911485774499	1898	TRUE
AGGCA	0.754626048670197	0.112215148450051	NA	0.133158802879752	16807	TRUE
AGGCC	0.536507531273934	0.316696451365841	NA	0.146796017360225	7834	TRUE
AGGCG	0.57494212962963	0.376446759259259	NA	0.048611111111111	3456	TRUE
AGGCT	0.603023529694523	0.266677882728067	NA	0.130298587577411	124821	TRUE
AGGGA	0.569658873695045	0.264189089839729	NA	0.166152036465226	27204	TRUE
AGGGC	0.603575184016824	0.260778128286015	NA	0.135646687697161	4755	TRUE
AGGGG	0.620185694635488	0.289889958734525	NA	0.089924346629986	5816	TRUE
AGGGT	0.859882005899705	0.08141592920354	NA	0.058702064896755	6780	TRUE
AGGTA	0.404472342094939	0.41781090623774	NA	0.177716751667321	2549	TRUE
AGGTC	0.579902302861131	0.297743661316585	NA	0.122354035822284	8598	TRUE
AGGTG	0.598536624587923	0.258141030795208	NA	0.143322344616869	24874	TRUE
AGGTT	0.548844976342889	0.347133314778736	NA	0.104021708878375	14372	TRUE
AGTAA	0.341014884202057	0.385380150566059	0.273604965231883	NA	17401	TRUE
AGTAC	0.324472695752673	0.43946836174516	0.236058942502167	NA	10383	TRUE
AGTAG	0.251124376482133	0.512851963910922	0.236023659606945	NA	110061	TRUE
AGTAT	0.175140002196113	0.606017349291754	0.218842648512134	NA	9107	TRUE
AGTCA	0.023806661055669	0.83900444871949	0.137188890224841	NA	8317	TRUE
AGTCC	0.173328964613368	0.479685452162516	0.346985583224115	NA	3052	TRUE
AGTCG	0.088122227698374	0.686545096106456	0.22533267619517	NA	10145	TRUE
AGTCT	0.140706484305815	0.667224244809604	0.192069270884581	NA	10163	TRUE
AGTGA	0.289164635497452	0.42078440062043	0.290050963882118	NA	9026	TRUE
AGTGC	0.321603563474388	0.380846325167038	0.297550111358575	NA	2245	TRUE
AGTGG	0.163676731793961	0.335485917279878	0.500837350926161	NA	78820	TRUE
AGTGT	0.207656612529002	0.452436194895592	0.339907192575406	NA	862	TRUE
AGTTA	0.219393747024282	0.553912077448024	0.226694175527694	NA	31505	TRUE
AGTTC	0.267778397283187	0.328146383496376	0.404075219220437	NA	19729	TRUE
AGTTG	0.103813038130381	0.709225092250923	0.186961869618696	NA	4065	TRUE
AGTTT	0.163086714399364	0.624502784407319	0.212410501193317	NA	1257	TRUE
ATAAA	NA	0.344967279526332	0.568946712371455	0.086086008102213	25672	TRUE
ATAAC	NA	0.276475694444444	0.465277777777778	0.258246527777778	2304	TRUE
ATAAG	NA	0.288487462928013	0.585332973847398	0.126179563224589	3709	TRUE
ATAAT	NA	0.213622713622714	0.461506961506962	0.324870324870325	7326	TRUE
ATACA	NA	0.276686925354527	0.105968521115786	0.617344553529687	12834	TRUE
ATACC	NA	0.185921089980131	0.587945879458795	0.226133030561075	10569	TRUE
ATACG	NA	0.229703915950334	0.209169054441261	0.561127029608405	2094	TRUE
ATACT	NA	0.212288144536609	0.115367567909833	0.672344287553557	47379	TRUE
ATAGA	NA	0.260493827160494	0.474074074074074	0.265432098765432	810	TRUE
ATAGC	NA	0.151954905253058	0.673183017510194	0.174862077236747	16676	TRUE
ATAGG	NA	0.259438724005653	0.41671714112659	0.323844134867757	4953	TRUE
ATAGT	NA	0.234995864648135	0.649861555611493	0.115142579740372	27809	TRUE
ATATA	NA	0.322634831123643	0.340452336672866	0.336912832203491	16669	TRUE
ATATC	NA	0.208012738557382	0.449615286268858	0.34237197517376	86038	TRUE
ATATG	NA	0.338073302623673	0.195731166490229	0.466195530886098	34951	TRUE
ATATT	NA	0.193673025839169	0.142719149963777	0.663607824197054	4141	TRUE
ATCAA	0.164403238443458	NA	0.343301123008618	0.492295638547924	7658	TRUE
ATCAC	0.218670076726343	NA	0.135123614663257	0.646206308610401	2346	TRUE
ATCAG	0.163523323260741	NA	0.274287103608767	0.562189573130492	28791	TRUE
ATCAT	0.139861885348199	NA	0.399617272651635	0.460520842000166	12019	TRUE
ATCCA	0.211594768690221	NA	0.2766933437439	0.511711887565879	10246	TRUE
ATCCC	0.140680790288027	NA	0.258033801475839	0.601285408236134	4201	TRUE
ATCCG	0.145672599495837	NA	0.127186616759606	0.727140783744557	13091	TRUE
ATCCT	0.159641553269167	NA	0.397942250248921	0.442416196481912	6026	TRUE
ATCGA	0.106699751861042	NA	0.399503722084367	0.493796526054591	403	TRUE
ATCGC	0.119402985074627	NA	0.228144989339019	0.652452025586354	469	TRUE
ATCGG	0.181052631578947	NA	0.249473684210526	0.569473684210526	950	TRUE
ATCGT	0.223926380368098	NA	0.377300613496933	0.398773006134969	326	TRUE
ATCTA	0.151747311827957	NA	0.312432795698925	0.535819892473118	29760	TRUE
ATCTC	0.114157838082828	NA	0.257747436405869	0.628094725511303	35302	TRUE
ATCTG	0.119930506542158	NA	0.102611433845486	0.777458059612357	55257	TRUE
ATCTT	0.153347368421053	NA	0.500715789473684	0.345936842105263	11875	TRUE
ATGAA	0.430693331918731	0.376531748978834	NA	0.192774919102435	18851	TRUE
ATGAC	0.367959617428268	0.314824654622742	NA	0.31721572794899	3764	TRUE
ATGAG	0.415624517523545	0.343677628531728	NA	0.240697853944728	6477	TRUE
ATGAT	0.628125964803952	0.225301018832973	NA	0.146573016363075	12956	TRUE
ATGCA	0.568563693200849	0.229289940828402	NA	0.202146365970749	71656	TRUE
ATGCC	0.382582646838558	0.279875896009415	NA	0.337541457152027	9347	TRUE
ATGCG	0.367959949937422	0.11514392991239	NA	0.516896120150188	799	TRUE
ATGCT	0.421122524704136	0.317931492403234	NA	0.26094598289263	25603	TRUE
ATGGA	0.490764170040486	0.192181174089069	NA	0.317054655870445	7904	TRUE
ATGGC	0.489135683244809	0.216803476581362	NA	0.294060840173829	2071	TRUE
ATGGG	0.42162864032647	0.193285104804303	NA	0.385086254869226	5391	TRUE
ATGGT	0.53194871251457	0.309314400762954	NA	0.158736886722475	9437	TRUE
ATGTA	0.424337494159268	0.318670315733262	NA	0.256992190107469	14981	TRUE
ATGTC	0.283333333333333	0.41025641025641	NA	0.306410256410256	1560	TRUE
ATGTG	0.351127235034983	0.361751749157813	NA	0.287121015807204	3859	TRUE
ATGTT	0.490512333965844	0.300759013282732	NA	0.208728652751423	1054	TRUE
ATTAA	0.251591289782245	0.558458961474037	0.189949748743719	NA	5970	TRUE
ATTAC	0.222194637537239	0.624602780536246	0.153202581926514	NA	40280	TRUE
ATTAG	0.232099440797471	0.646122052030148	0.12177850717238	NA	32904	TRUE
ATTAT	0.194893541832317	0.653149571516918	0.151956886650764	NA	11319	TRUE
ATTCA	0.238025670458103	0.504226233955964	0.257748095585933	NA	9583	TRUE
ATTCC	0.141653973658274	0.416629334289042	0.441716692052683	NA	11161	TRUE
ATTCG	0.177570093457944	0.495327102803738	0.327102803738318	NA	214	TRUE
ATTCT	0.372972972972973	0.428828828828829	0.198198198198198	NA	555	TRUE
ATTGA	0.206119162640902	0.560386473429952	0.233494363929147	NA	621	TRUE
ATTGC	0.215962441314554	0.413145539906103	0.370892018779343	NA	213	TRUE
ATTGG	0.205393297148273	0.481088998018437	0.31351770483329	NA	11607	TRUE
ATTGT	0.244343891402715	0.479638009049774	0.276018099547511	NA	221	TRUE
ATTTA	0.218347765036274	0.498478820500819	0.283173414462907	NA	4273	TRUE
ATTTC	0.180167597765363	0.643854748603352	0.175977653631285	NA	716	TRUE
ATTTG	0.216524216524217	0.564102564102564	0.219373219373219	NA	351	TRUE
ATTTT	0.280788177339901	0.517241379310345	0.201970443349754	NA	609	TRUE
CAAAA	NA	0.248720335039553	0.678765317201799	0.072514347758647	12894	TRUE
CAAAC	NA	0.319000529754547	0.543351580434399	0.137647889811054	22652	TRUE
CAAAG	NA	0.249700777977259	0.693297426690604	0.057001795332136	6684	TRUE
CAAAT	NA	0.304917387883556	0.621203776553895	0.073878835562549	50840	TRUE
CAACA	NA	0.267872814419766	0.607911969216229	0.124215216364005	14813	TRUE
CAACC	NA	0.246792888668894	0.663119250917791	0.090087860413315	24243	TRUE
CAACG	NA	0.241154138192863	0.607137433561124	0.151708428246014	6585	TRUE
CAACT	NA	0.41783013379872	0.426750048477797	0.155419817723483	20628	TRUE
CAAGA	NA	0.149902594073618	0.751666154003896	0.098431251922485	78024	TRUE
CAAGC	NA	0.134315150749004	0.745085645660831	0.120599203590165	15821	TRUE
CAAGG	NA	0.230792292387779	0.692022566842005	0.077185140770216	36691	TRUE
CAAGT	NA	0.328833551769332	0.584403669724771	0.086762778505898	7630	TRUE
CAATA	NA	0.32218124341412	0.486037934668072	0.191780821917808	3796	TRUE
CAATC	NA	0.283856159143076	0.580872226472839	0.135271614384086	6535	TRUE
CAATG	NA	0.349326599326599	0.492508417508418	0.158164983164983	11880	TRUE
CAATT	NA	0.345422591468286	0.426745486499441	0.227831922032274	18777	TRUE
CACAA	0.130365182591296	NA	0.285642821410705	0.583991995997999	9995	TRUE
CACAC	0.289111389236546	NA	0.215269086357947	0.495619524405507	2397	TRUE
CACAG	0.135486542443064	NA	0.601739130434783	0.262774327122153	24150	TRUE
CACAT	0.251082558387165	NA	0.264712145950167	0.484205295662668	14087	TRUE
CACCA	0.103239931192334	NA	0.388535846803429	0.508224222004237	70341	TRUE
CACCC	0.117681962025316	NA	0.461431962025316	0.420886075949367	5056	TRUE
CACCG	0.122969068258254	NA	0.596134716498508	0.280896215243238	21111	TRUE
CACCT	0.205148005148005	NA	0.442627042627043	0.352224952224952	128205	TRUE
CACGA	0.226787372330548	NA	0.329619312906221	0.443593314763231	4308	TRUE
CACGC	0.084699077262085	NA	0.098976265895423	0.816324656842492	21783	TRUE
CACGG	0.094053398058252	NA	0.325091019417476	0.580855582524272	6592	TRUE
CACGT	0.223703130184714	NA	0.282878000221214	0.493418869594071	18082	TRUE
CACTA	0.231974589730016	NA	0.508840656431975	0.25918475383801	9445	TRUE
CACTC	0.234697617593158	NA	0.45791081246182	0.307391569945021	8185	TRUE
CACTG	0.121413958067345	NA	0.517113015120983	0.361473026811672	65009	TRUE
CACTT	0.208272647829886	NA	0.4659190212642	0.325808330905913	6866	TRUE
CAGAA	0.463059517953763	0.407870142646335	NA	0.129070339399902	10165	TRUE
CAGAC	0.584072810011377	0.328327645051195	NA	0.087599544937429	8790	TRUE
CAGAG	0.661486898232785	0.265386959171237	NA	0.073126142595978	6564	TRUE
CAGAT	0.529808084932626	0.335238873009392	NA	0.134953042057983	9796	TRUE
CAGCA	0.53061205672451	0.395190587714607	NA	0.074197355560883	108454	TRUE
CAGCC	0.68031961009443	0.233732455420953	NA	0.085947934484617	85354	TRUE
CAGCG	0.683602771362587	0.253579676674365	NA	0.062817551963049	6495	TRUE
CAGCT	0.628384198048287	0.288894413908843	NA	0.08272138804287	337857	TRUE
CAGGA	0.616038382453735	0.31117203564085	NA	0.072789581905415	14590	TRUE
CAGGC	0.549934363324245	0.35464000807836	NA	0.095425628597395	9903	TRUE
CAGGG	0.452538749331908	0.436451095670764	NA	0.111010154997328	18710	TRUE
CAGGT	0.701892947589818	0.227883418465897	NA	0.070223633944285	23297	TRUE
CAGTA	0.521546770857274	0.365500268137593	NA	0.112952961005133	104424	TRUE
CAGTC	0.747658476991991	0.174562237002851	NA	0.077779286005158	14734	TRUE
CAGTG	0.398829307009276	0.506903450898689	NA	0.094267242092035	60477	TRUE
CAGTT	0.503363906822867	0.374338020171096	NA	0.122298073006037	81007	TRUE
CATAA	0.14859437751004	0.763721552878179	0.08768406961178	NA	2988	TRUE
CATAC	0.288061002178649	0.472549019607843	0.239389978213508	NA	22950	TRUE
CATAG	0.262095428762095	0.524274274274274	0.21363029696363	NA	11988	TRUE
CATAT	0.307162179569754	0.534136287517712	0.158701532912534	NA	31052	TRUE
CATCA	0.091581431943352	0.699606608969315	0.208811959087333	NA	12710	TRUE
CATCC	0.238719936394355	0.440568475452196	0.320711588153449	NA	10062	TRUE
CATCG	0.101898101898102	0.656343656343656	0.241758241758242	NA	1001	TRUE
CATCT	0.101356350184957	0.709001233045623	0.18964241676942	NA	12165	TRUE
CATGA	0.101471142964919	0.330064126744625	0.568464730290456	NA	2651	TRUE
CATGC	0.079685746352413	0.299102132435466	0.621212121212121	NA	1782	TRUE
CATGG	0.124823695345557	0.642454160789845	0.232722143864598	NA	1418	TRUE
CATGT	0.133604611732791	0.752119362495761	0.114276025771448	NA	2949	TRUE
CATTA	0.113167636171338	0.574299312533051	0.312533051295611	NA	1891	TRUE
CATTC	0.227272727272727	0.545454545454545	0.227272727272727	NA	308	TRUE
CATTG	0.139344262295082	0.694310511089682	0.166345226615236	NA	2074	TRUE
CATTT	0.17204932472108	0.649442160892543	0.178508514386377	NA	1703	TRUE
CCAAA	NA	0.249228659581762	0.714775454233802	0.035995886184436	2917	TRUE
CCAAC	NA	0.324120709357938	0.474457188809413	0.201422101832649	23627	TRUE
CCAAG	NA	0.361464382856723	0.605552696709059	0.032982920434218	40809	TRUE
CCAAT	NA	0.516923076923077	0.34	0.143076923076923	650	TRUE
CCACA	NA	0.181469202582446	0.609666724829873	0.208864072587681	5731	TRUE
CCACC	NA	0.574557315936626	0.240913327120224	0.18452935694315	2146	TRUE
CCACG	NA	0.099384051939404	0.553853837189945	0.346762110870651	6007	TRUE
CCACT	NA	0.609222886421862	0.230572160546541	0.160204953031597	5855	TRUE
CCAGA	NA	0.672212389380531	0.261356932153392	0.066430678466077	8475	TRUE
CCAGC	NA	0.225848849945235	0.60815991237678	0.165991237677985	18260	TRUE
CCAGG	NA	0.421548994820276	0.412867642945842	0.165583362233882	89387	TRUE
CCAGT	NA	0.209015269269452	0.517052208100942	0.273932522629606	10937	TRUE
CCATA	NA	0.28103863349765	0.450418434024991	0.268542932477359	17446	TRUE
CCATC	NA	0.195263664048726	0.677939840786451	0.126796495164823	74868	TRUE
CCATG	NA	0.330974663318877	0.314050934228976	0.354974402452147	30667	TRUE
CCATT	NA	0.320292432325627	0.290061252716854	0.389646314957518	5061	TRUE
CCCAA	0.464052287581699	NA	0.274509803921569	0.261437908496732	153	TRUE
CCCAC	0.32409381663113	NA	0.328358208955224	0.347547974413646	469	TRUE
CCCAG	0.402230483271375	NA	0.238661710037175	0.35910780669145	1345	TRUE
CCCAT	0.463768115942029	NA	0.208695652173913	0.327536231884058	345	TRUE
CCCCA	0.20749063670412	NA	0.374531835205993	0.417977528089888	1335	TRUE
CCCCC	0.210714285714286	NA	0.213311688311688	0.575974025974026	3080	TRUE
CCCCG	0.378995433789954	NA	0.28310502283105	0.337899543378995	219	TRUE
CCCCT	0.369718309859155	NA	0.180164319248826	0.450117370892019	3408	TRUE
CCCGA	0.335616438356164	NA	0.335616438356164	0.328767123287671	146	TRUE
CCCGC	0.311827956989247	NA	0.306451612903226	0.381720430107527	186	TRUE
CCCGG	0.062050544483255	NA	0.887404972262174	0.050544483254572	4867	TRUE
CCCGT	0.300227445034117	NA	0.192191053828658	0.507581501137225	2638	TRUE
CCCTA	0.126798082045818	NA	0.294619072988812	0.57858284496537	3754	TRUE
CCCTC	0.100157452764171	NA	0.392844646606018	0.506997900629811	11432	TRUE
CCCTG	0.145114345114345	NA	0.336954261954262	0.517931392931393	19240	TRUE
CCCTT	0.184180790960452	NA	0.238418079096045	0.577401129943503	885	TRUE
CCGAA	0.430769230769231	0.369230769230769	NA	0.2	195	TRUE
CCGAC	0.435244161358811	0.409766454352442	NA	0.154989384288747	471	TRUE
CCGAG	0.401135288552507	0.561967833491012	NA	0.036896877956481	1057	TRUE
CCGAT	0.645514223194748	0.221006564551422	NA	0.133479212253829	914	TRUE
CCGCA	0.676907001044932	0.073354231974922	NA	0.249738766980146	4785	TRUE
CCGCC	0.343400687876182	0.55750214961307	NA	0.099097162510748	9304	TRUE
CCGCG	0.60253164556962	0.248824593128391	NA	0.148643761301989	2765	TRUE
CCGCT	0.51646017699115	0.310796460176991	NA	0.172743362831858	2825	TRUE
CCGGA	0.454356846473029	0.433609958506224	NA	0.112033195020747	482	TRUE
CCGGC	0.598609586534943	0.260519575557995	NA	0.140870837907062	2733	TRUE
CCGGG	0.225457007447529	0.572105619498984	NA	0.202437373053487	1477	TRUE
CCGGT	0.701701701701702	0.186186186186186	NA	0.112112112112112	999	TRUE
CCGTA	0.63373745717826	0.242498602978692	NA	0.123763939843048	41159	TRUE
CCGTC	0.3543539686617	0.516439763678397	NA	0.129206267659902	7786	TRUE
CCGTG	0.683484082330318	0.233587351328253	NA	0.082928566341429	70205	TRUE
CCGTT	0.688933873144399	0.220647773279352	NA	0.090418353576248	1482	TRUE
CCTAA	0.275428363106088	0.467553773240977	0.257017863652935	NA	5486	TRUE
CCTAC	0.235269880510919	0.596026186879092	0.168703932609989	NA	21843	TRUE
CCTAG	0.190553745928339	0.606677524429967	0.202768729641694	NA	4912	TRUE
CCTAT	0.236154776299879	0.625755743651753	0.138089480048368	NA	8270	TRUE
CCTCA	0.12375249500998	0.62785540031049	0.24839210467953	NA	4509	TRUE
CCTCC	0.074396011760194	0.706250798926243	0.219353189313563	NA	7823	TRUE
CCTCG	0.134743875278396	0.375835189309577	0.489420935412027	NA	1796	TRUE
CCTCT	0.234788433627331	0.474935804398794	0.290275761973875	NA	8957	TRUE
CCTGA	0.213971942751878	0.468896131500638	0.317131925747485	NA	7057	TRUE
CCTGC	0.153398058252427	0.533009708737864	0.313592233009709	NA	1030	TRUE
CCTGG	0.07352413375855	0.172827859186415	0.753648007055035	NA	97519	TRUE
CCTGT	0.171597633136095	0.456278763971072	0.372123602892834	NA	4563	TRUE
CCTTA	0.215267175572519	0.514503816793893	0.270229007633588	NA	655	TRUE
CCTTC	0.110086193860578	0.745627299763093	0.144286506376329	NA	39678	TRUE
CCTTG	0.160384833050368	0.603961516694963	0.235653650254669	NA	8835	TRUE
CCTTT	0.208067398519275	0.635945876946643	0.155986724534082	NA	7834	TRUE
CGAAA	NA	0.597402597402597	0.357383357383357	0.045214045214045	2079	TRUE
CGAAC	NA	0.291814946619217	0.647686832740214	0.060498220640569	281	TRUE
CGAAG	NA	0.439024390243902	0.51219512195122	0.048780487804878	328	TRUE
CGAAT	NA	0.302786709539121	0.270632368703108	0.426580921757771	5598	TRUE
CGACA	NA	0.414623815322709	0.498014507333086	0.087361677344205	18887	TRUE
CGACC	NA	0.358401880141011	0.551116333725029	0.09048178613396	851	TRUE
CGACG	NA	0.292834890965732	0.573208722741433	0.133956386292835	321	TRUE
CGACT	NA	0.487224669603524	0.408810572687225	0.103964757709251	1135	TRUE
CGAGA	NA	0.707677129389411	0.282931998392224	0.009390872218365	27367	TRUE
CGAGC	NA	0.178648765699437	0.75	0.071351234300563	9236	TRUE
CGAGG	NA	0.345647997635584	0.587557263189005	0.06679473917541	6767	TRUE
CGAGT	NA	0.393475605374722	0.507365093051663	0.099159301573615	13917	TRUE
CGATA	NA	0.340425531914894	0.482269503546099	0.177304964539007	282	TRUE
CGATC	NA	0.369822485207101	0.452662721893491	0.177514792899408	338	TRUE
CGATG	NA	0.337950138504155	0.45983379501385	0.202216066481994	361	TRUE
CGATT	NA	0.426214798453893	0.435015184980674	0.138770016565433	28976	TRUE
CGCAA	0.27536231884058	NA	0.420289855072464	0.304347826086957	138	TRUE
CGCAC	0.246336357292394	NA	0.3831123517097	0.370551290997907	2866	TRUE
CGCAG	0.127656628591208	NA	0.491865697473174	0.380477673935618	14445	TRUE
CGCAT	0.184343434343434	NA	0.434343434343434	0.381313131313131	396	TRUE
CGCCA	0.141432242358669	NA	0.420983229645659	0.437584527995672	29576	TRUE
CGCCC	0.073214285714286	NA	0.771428571428571	0.155357142857143	560	TRUE
CGCCG	0.2	NA	0.231219512195122	0.568780487804878	4100	TRUE
CGCCT	0.081904414447282	NA	0.192812842028457	0.725282743524261	5482	TRUE
CGCGA	0.319915254237288	NA	0.25635593220339	0.423728813559322	472	TRUE
CGCGC	0.23728813559322	NA	0.372881355932203	0.389830508474576	59	TRUE
CGCGG	0.158236658932715	NA	0.243155452436195	0.59860788863109	2155	TRUE
CGCGT	0.458620689655172	NA	0.237931034482759	0.303448275862069	290	TRUE
CGCTA	0.198459563543004	NA	0.308857509627728	0.492682926829268	3895	TRUE
CGCTC	0.127659574468085	NA	0.540425531914894	0.331914893617021	235	TRUE
CGCTG	0.098745538964682	NA	0.561022188801757	0.340232272233561	83781	TRUE
CGCTT	0.06501252534892	NA	0.59095789096982	0.34402958368126	8383	TRUE
CGGAA	0.543396226415094	0.347169811320755	NA	0.109433962264151	265	TRUE
CGGAC	0.625427204374573	0.301435406698565	NA	0.073137388926863	1463	TRUE
CGGAG	0.289380530973451	0.683185840707965	NA	0.027433628318584	1130	TRUE
CGGAT	0.462273161413563	0.397803247373448	NA	0.13992359121299	2094	TRUE
CGGCA	0.52588813303099	0.329459561602419	NA	0.144652305366591	10584	TRUE
CGGCC	0.605747973470892	0.184229918938836	NA	0.210022107590273	2714	TRUE
CGGCG	0.730700179533214	0.10951526032316	NA	0.159784560143627	557	TRUE
CGGCT	0.464028164215547	0.423485321673954	NA	0.112486514110499	35222	TRUE
CGGGA	0.791502409110819	0.151116951379763	NA	0.057380639509417	2283	TRUE
CGGGC	0.690631808278867	0.187363834422658	NA	0.122004357298475	459	TRUE
CGGGG	0.648257725180802	0.235371466140697	NA	0.116370808678501	1521	TRUE
CGGGT	0.547846889952153	0.294258373205742	NA	0.157894736842105	418	TRUE
CGGTA	0.36707410236822	0.515278838808251	NA	0.117647058823529	5236	TRUE
CGGTC	0.508120649651972	0.366589327146172	NA	0.125290023201856	431	TRUE
CGGTG	0.530189353340479	0.357746814338454	NA	0.112063832321067	8397	TRUE
CGGTT	0.404175673538251	0.519006695840143	NA	0.076817630621606	18967	TRUE
CGTAA	0.312	0.416	0.272	NA	125	TRUE
CGTAC	0.212172442941674	0.572273879966188	0.215553677092139	NA	1183	TRUE
CGTAG	0.168143603726426	0.623040218132243	0.208816178141332	NA	4401	TRUE
CGTAT	0.202459732800599	0.583406168060931	0.214134099138469	NA	16018	TRUE
CGTCA	0.08531746031746	0.607142857142857	0.307539682539683	NA	2520	TRUE
CGTCC	0.13771662156716	0.488974609937245	0.373308768495596	NA	17369	TRUE
CGTCG	0.12701252236136	0.495527728085868	0.377459749552773	NA	559	TRUE
CGTCT	0.163736642537056	0.55601516718373	0.280248190279214	NA	2901	TRUE
CGTGA	0.072037701974865	0.760098743267504	0.16786355475763	NA	4456	TRUE
CGTGC	0.157894736842105	0.473684210526316	0.368421052631579	NA	114	TRUE
CGTGG	0.245867768595041	0.528236914600551	0.225895316804408	NA	2904	TRUE
CGTGT	0.154581673306773	0.713147410358566	0.132270916334661	NA	7530	TRUE
CGTTA	0.192660550458716	0.454128440366972	0.353211009174312	NA	218	TRUE
CGTTC	0.14375	0.54375	0.3125	NA	160	TRUE
CGTTG	0.109619686800895	0.52572706935123	0.364653243847875	NA	447	TRUE
CGTTT	0.069825436408978	0.586034912718205	0.344139650872818	NA	401	TRUE
CTAAA	NA	0.23919659160073	0.618989653073646	0.141813755325624	1643	TRUE
CTAAC	NA	0.285854295981705	0.528667102254165	0.185478601764129	12244	TRUE
CTAAG	NA	0.410205696202532	0.554588607594937	0.035205696202532	2528	TRUE
CTAAT	NA	0.315955766192733	0.46129541864139	0.222748815165877	633	TRUE
CTACA	NA	0.352981109799292	0.153807556080283	0.493211334120425	33880	TRUE
CTACC	NA	0.191076923076923	0.071076923076923	0.737846153846154	3250	TRUE
CTACG	NA	0.350474317445627	0.127545118000925	0.521980564553447	17288	TRUE
CTACT	NA	0.362598834189415	0.085213828129509	0.552187337681076	69308	TRUE
CTAGA	NA	0.456195965417867	0.445821325648415	0.097982708933718	3470	TRUE
CTAGC	NA	0.189001264222503	0.612515802781289	0.198482932996207	4746	TRUE
CTAGG	NA	0.352542372881356	0.430508474576271	0.216949152542373	295	TRUE
CTAGT	NA	0.34098767621243	0.541626030676478	0.117386293111091	11279	TRUE
CTATA	NA	0.287330450749274	0.123970858259788	0.588698690990938	16883	TRUE
CTATC	NA	0.261751332050102	0.359918542695344	0.378330125254554	35847	TRUE
CTATG	NA	0.307316106007534	0.1231643645496	0.569519529442866	75655	TRUE
CTATT	NA	0.424371184371184	0.184542124542125	0.391086691086691	40950	TRUE
CTCAA	0.09203946479254	NA	0.566698202459792	0.341262332747669	7399	TRUE
CTCAC	0.15541547277937	NA	0.151060171919771	0.69352435530086	8725	TRUE
CTCAG	0.109097772744432	NA	0.371460928652322	0.519441298603247	2649	TRUE
CTCAT	0.138184791496321	NA	0.419460343417825	0.442354865085854	1223	TRUE
CTCCA	0.212722988892629	NA	0.186334567485695	0.600942443621676	14855	TRUE
CTCCC	0.257708237459733	NA	0.037620800736309	0.704670961803958	8692	TRUE
CTCCG	0.155955955955956	NA	0.063663663663664	0.78038038038038	4995	TRUE
CTCCT	0.270219435736677	NA	0.14294670846395	0.586833855799373	3190	TRUE
CTCGA	0.194444444444444	NA	0.5	0.305555555555556	144	TRUE
CTCGC	0.112244897959184	NA	0.459183673469388	0.428571428571429	98	TRUE
CTCGG	0.106824925816024	NA	0.480712166172107	0.412462908011869	337	TRUE
CTCGT	0.197080291970803	NA	0.401459854014599	0.401459854014599	137	TRUE
CTCTA	0.226475279106858	NA	0.251993620414673	0.521531100478469	627	TRUE
CTCTC	0.074095829487287	NA	0.544851892254762	0.381052278257951	11917	TRUE
CTCTG	0.221394358701437	NA	0.138447502470919	0.640158138827644	13153	TRUE
CTCTT	0.132315521628499	NA	0.324851569126378	0.542832909245123	1179	TRUE
CTGAA	0.502724875476121	0.317726340462936	NA	0.179548784060943	17065	TRUE
CTGAC	0.609949123798756	0.254381006218202	NA	0.135669869983041	1769	TRUE
CTGAG	0.434814803387686	0.442250435802107	NA	0.122934760810206	64823	TRUE
CTGAT	0.563338560724865	0.273218330719638	NA	0.163443108555497	5739	TRUE
CTGCA	0.58903820975485	0.270628602386793	NA	0.140333187858358	66449	TRUE
CTGCC	0.37687074829932	0.318367346938775	NA	0.304761904761905	735	TRUE
CTGCG	0.614107883817427	0.192946058091286	NA	0.192946058091286	1446	TRUE
CTGCT	0.597247520744788	0.166363084395871	NA	0.23638939485934	4941	TRUE
CTGGA	0.603352826510721	0.202235217673814	NA	0.194411955815465	38475	TRUE
CTGGC	0.367697594501718	0.316151202749141	NA	0.316151202749141	582	TRUE
CTGGG	0.28141012502562	0.184054109448658	NA	0.534535765525722	4879	TRUE
CTGGT	0.607114322437211	0.236773543613437	NA	0.156112133949352	28787	TRUE
CTGTA	0.467733623453962	0.333228355474118	NA	0.199038021071919	69856	TRUE
CTGTC	0.516429495472186	0.279430789133247	NA	0.204139715394567	7730	TRUE
CTGTG	0.55860342521093	0.342627054662976	NA	0.098769520126094	75499	TRUE
CTGTT	0.606636577458521	0.269150085817812	NA	0.124213336723667	15731	TRUE
CTTAA	0.198757763975155	0.440993788819876	0.360248447204969	NA	161	TRUE
CTTAC	0.295602858918583	0.398617153511498	0.305779987569919	NA	12872	TRUE
CTTAG	0.149908172635445	0.599632690541781	0.250459136822773	NA	4356	TRUE
CTTAT	0.239986759351208	0.474346242965905	0.285666997682886	NA	3021	TRUE
CTTCA	0.169170673076923	0.610426682692308	0.220402644230769	NA	6656	TRUE
CTTCC	0.122166246851385	0.694584382871537	0.183249370277078	NA	1588	TRUE
CTTCG	0.11830985915493	0.373708920187793	0.507981220657277	NA	2130	TRUE
CTTCT	0.229483661761038	0.430032427039162	0.3404839111998	NA	4009	TRUE
CTTGA	0.184290953545232	0.394407090464548	0.42130195599022	NA	6544	TRUE
CTTGC	0.169064748201439	0.550959232613909	0.279976019184652	NA	1668	TRUE
CTTGG	0.046396455102307	0.652287240974847	0.301316303922846	NA	7673	TRUE
CTTGT	0.13599274705349	0.504079782411605	0.359927470534905	NA	1103	TRUE
CTTTA	0.3348106365834	0.571716357775987	0.093473005640612	NA	2482	TRUE
CTTTC	0.133136094674556	0.474556213017751	0.392307692307692	NA	1690	TRUE
CTTTG	0.368825466520307	0.532199048664471	0.098975484815221	NA	5466	TRUE
CTTTT	0.146137787056367	0.7160751565762	0.137787056367432	NA	958	TRUE
GAAAA	NA	0.213798636181308	0.698596068993181	0.087605294825511	12465	TRUE
GAAAC	NA	0.237672752090087	0.68503668315987	0.077290564750043	5861	TRUE
GAAAG	NA	0.147518836061315	0.815848272278514	0.036632891660172	19245	TRUE
GAAAT	NA	0.360262544473071	0.451907741381426	0.187829714145504	16302	TRUE
GAACA	NA	0.203186604578716	0.752470267551474	0.04434312786981	61633	TRUE
GAACC	NA	0.209066232356135	0.718349619978285	0.072584147665581	18420	TRUE
GAACG	NA	0.289655172413793	0.606896551724138	0.103448275862069	435	TRUE
GAACT	NA	0.331099724083563	0.572285726798931	0.096614549117505	22833	TRUE
GAAGA	NA	0.171499388836072	0.759167458916203	0.069333152247725	29452	TRUE
GAAGC	NA	0.147926120023008	0.779178117210967	0.072895762766025	78235	TRUE
GAAGG	NA	0.12759931351801	0.79930930646367	0.07309138001832	94977	TRUE
GAAGT	NA	0.181998807868071	0.730351111237263	0.087650080894667	35231	TRUE
GAATA	NA	0.203261764045784	0.579711229146405	0.21702700680781	13367	TRUE
GAATC	NA	0.16662685140946	0.48112756808409	0.35224558050645	8372	TRUE
GAATG	NA	0.241263628739167	0.62258876153201	0.136147609728823	3577	TRUE
GAATT	NA	0.288	0.468615384615385	0.243384615384615	3250	TRUE
GACAA	0.293617467982364	NA	0.392084820491287	0.314297711526349	9526	TRUE
GACAC	0.122883487007544	NA	0.184828164291702	0.692288348700754	23860	TRUE
GACAG	0.46799795186892	NA	0.346646185355863	0.185355862775218	1953	TRUE
GACAT	0.226104830421377	NA	0.321685508735868	0.452209660842754	973	TRUE
GACCA	0.185402684563758	NA	0.568791946308725	0.245805369127517	4768	TRUE
GACCC	0.192328918322296	NA	0.395971302428256	0.411699779249448	3624	TRUE
GACCG	0.121415497254423	NA	0.572706935123042	0.305877567622534	4917	TRUE
GACCT	0.357394366197183	NA	0.377640845070423	0.264964788732394	1136	TRUE
GACGA	0.239907192575406	NA	0.459396751740139	0.300696055684455	2155	TRUE
GACGC	0.200913242009132	NA	0.319634703196347	0.479452054794521	219	TRUE
GACGG	0.264044943820225	NA	0.362359550561798	0.373595505617978	356	TRUE
GACGT	0.191637630662021	NA	0.315331010452962	0.493031358885017	574	TRUE
GACTA	0.249455440856142	NA	0.393881996401174	0.356662562742684	10559	TRUE
GACTC	0.161281329281552	NA	0.547631659650395	0.291087011068053	35869	TRUE
GACTG	0.153857329652768	NA	0.496149934621531	0.349992735725701	6883	TRUE
GACTT	0.17799043062201	NA	0.3311004784689	0.490909090909091	1045	TRUE
GAGAA	0.391857222532069	0.521918572225321	NA	0.08622420524261	8965	TRUE
GAGAC	0.385521973704887	0.546540254570216	NA	0.067937771724897	19091	TRUE
GAGAG	0.404653802497162	0.547105561861521	NA	0.048240635641317	38764	TRUE
GAGAT	0.231639193241733	0.715929359650326	NA	0.05243144710794	51019	TRUE
GAGCA	0.486618366830807	0.448347937339145	NA	0.065033695830048	134438	TRUE
GAGCC	0.452742505563555	0.468713182353711	NA	0.078544312082733	15278	TRUE
